3.500000e-01    4.000000e-01    8.063500e-02    8.686852e-03    8.686852e-03
4.000000e-01    4.500000e-01    9.484900e-02    7.940211e-03    7.940211e-03
4.500000e-01    5.000000e-01    8.369500e-02    4.323647e-03    4.323647e-03
5.000000e-01    5.500000e-01    7.838600e-02    4.415283e-03    4.415283e-03
5.500000e-01    6.000000e-01    7.387300e-02    3.718362e-03    3.718362e-03
6.000000e-01    6.500000e-01    7.233200e-02    3.701010e-03    3.701010e-03
6.500000e-01    7.000000e-01    7.168900e-02    3.564941e-03    3.564941e-03
7.000000e-01    7.500000e-01    6.499500e-02    3.020137e-03    3.020137e-03
7.500000e-01    8.000000e-01    5.960100e-02    3.489321e-03    3.489321e-03
8.000000e-01    8.500000e-01    5.861300e-02    2.922052e-03    2.922052e-03
8.500000e-01    9.000000e-01    5.405000e-02    3.187130e-03    3.187130e-03
9.000000e-01    9.500000e-01    4.802400e-02    3.809133e-03    3.809133e-03
9.500000e-01    1.000000e+00    4.130800e-02    3.221253e-03    3.221253e-03
1.000000e+00    1.100000e+00    3.455400e-02    2.354966e-03    2.354966e-03
1.100000e+00    1.200000e+00    3.076800e-02    2.114266e-03    2.114266e-03
1.200000e+00    1.300000e+00    2.356700e-02    1.703888e-03    1.703888e-03
1.300000e+00    1.400000e+00    1.927900e-02    1.483732e-03    1.483732e-03
1.400000e+00    1.500000e+00    1.700000e-02    1.374163e-03    1.374163e-03
1.500000e+00    1.600000e+00    1.248300e-02    1.148223e-03    1.148223e-03
1.600000e+00    1.700000e+00    1.048700e-02    1.035186e-03    1.035186e-03
1.700000e+00    1.800000e+00    7.589000e-03    8.527702e-04    8.527702e-04
1.800000e+00    2.000000e+00    4.965000e-03    5.059506e-04    5.059506e-04
2.000000e+00    2.200000e+00    4.237000e-03    4.707749e-04    4.707749e-04
2.200000e+00    2.400000e+00    2.320000e-03    3.251615e-04    3.251615e-04