3.500000e-01    4.000000e-01    1.512008e-01    4.504383e-03    4.504383e-03
4.000000e-01    4.500000e-01    1.419786e-01    4.376026e-03    4.376026e-03
4.500000e-01    5.000000e-01    1.324993e-01    4.193296e-03    4.193296e-03
5.000000e-01    5.500000e-01    1.236323e-01    4.108161e-03    4.108161e-03
5.500000e-01    6.000000e-01    1.109391e-01    3.858091e-03    3.858091e-03
6.000000e-01    6.500000e-01    9.297368e-02    3.645636e-03    3.645636e-03
6.500000e-01    7.000000e-01    9.125846e-02    3.570350e-03    3.570350e-03
7.000000e-01    7.500000e-01    7.603564e-02    3.300571e-03    3.300571e-03
7.500000e-01    8.000000e-01    7.181226e-02    3.200313e-03    3.200313e-03
8.000000e-01    8.500000e-01    6.661394e-02    3.129500e-03    3.129500e-03
8.500000e-01    9.000000e-01    5.535750e-02    2.851971e-03    2.851971e-03
9.000000e-01    9.500000e-01    5.323380e-02    2.748455e-03    2.748455e-03
9.500000e-01    1.000000e+00    4.724310e-02    2.647535e-03    2.647535e-03
1.000000e+00    1.100000e+00    3.737571e-02    1.675439e-03    1.675439e-03
1.100000e+00    1.200000e+00    3.222637e-02    1.553717e-03    1.553717e-03
1.200000e+00    1.300000e+00    2.358386e-02    1.324133e-03    1.324133e-03
1.300000e+00    1.400000e+00    2.069127e-02    1.253406e-03    1.253406e-03
1.400000e+00    1.500000e+00    1.707162e-02    1.168677e-03    1.168677e-03
1.500000e+00    1.600000e+00    1.357464e-02    1.024332e-03    1.024332e-03
1.600000e+00    1.700000e+00    1.142255e-02    9.646851e-04    9.646851e-04
1.700000e+00    1.800000e+00    9.227345e-03    8.244268e-04    8.244268e-04
1.800000e+00    2.000000e+00    7.627630e-03    5.291777e-04    5.291777e-04
2.000000e+00    2.200000e+00    5.275005e-03    4.478056e-04    4.478056e-04
2.200000e+00    2.400000e+00    2.777477e-03    3.371053e-04    3.371053e-04