3.500000e-01    4.000000e-01    1.052000e-01    3.243455e-03    3.243455e-03
4.000000e-01    4.500000e-01    9.900000e-02    3.146427e-03    3.146427e-03
4.500000e-01    5.000000e-01    9.540000e-02    3.088689e-03    3.088689e-03
5.000000e-01    5.500000e-01    8.980000e-02    2.996665e-03    2.996665e-03
5.500000e-01    6.000000e-01    8.280000e-02    2.877499e-03    2.877499e-03
6.000000e-01    6.500000e-01    7.600000e-02    2.756810e-03    2.756810e-03
6.500000e-01    7.000000e-01    6.690000e-02    2.586503e-03    2.586503e-03
7.000000e-01    7.500000e-01    6.230000e-02    2.495997e-03    2.495997e-03
7.500000e-01    8.000000e-01    5.290000e-02    2.300000e-03    2.300000e-03
8.000000e-01    8.500000e-01    4.900000e-02    2.213594e-03    2.213594e-03
8.500000e-01    9.000000e-01    4.510000e-02    2.123676e-03    2.123676e-03
9.000000e-01    9.500000e-01    3.790000e-02    1.946792e-03    1.946792e-03
9.500000e-01    1.000000e+00    3.420000e-02    1.849324e-03    1.849324e-03
1.000000e+00    1.100000e+00    2.890000e-02    1.202082e-03    1.202082e-03
1.100000e+00    1.200000e+00    2.230000e-02    1.055936e-03    1.055936e-03
1.200000e+00    1.300000e+00    1.630000e-02    9.027735e-04    9.027735e-04
1.300000e+00    1.400000e+00    1.365000e-02    8.261356e-04    8.261356e-04
1.400000e+00    1.500000e+00    1.135000e-02    7.533260e-04    7.533260e-04
1.500000e+00    1.600000e+00    9.300000e-03    6.819091e-04    6.819091e-04
1.600000e+00    1.700000e+00    6.850000e-03    5.852350e-04    5.852350e-04
1.700000e+00    1.800000e+00    5.650000e-03    5.315073e-04    5.315073e-04
1.800000e+00    2.000000e+00    4.225000e-03    3.250000e-04    3.250000e-04
2.000000e+00    2.200000e+00    2.725000e-03    2.610077e-04    2.610077e-04
2.200000e+00    2.400000e+00    1.725000e-03    2.076656e-04    2.076656e-04