3.500000e-01    4.000000e-01    9.590000e-02    3.096773e-03    3.096773e-03
4.000000e-01    4.500000e-01    9.110000e-02    3.018278e-03    3.018278e-03
4.500000e-01    5.000000e-01    8.600000e-02    2.932576e-03    2.932576e-03
5.000000e-01    5.500000e-01    7.970000e-02    2.823119e-03    2.823119e-03
5.500000e-01    6.000000e-01    7.240000e-02    2.690725e-03    2.690725e-03
6.000000e-01    6.500000e-01    6.280000e-02    2.505993e-03    2.505993e-03
6.500000e-01    7.000000e-01    5.560000e-02    2.357965e-03    2.357965e-03
7.000000e-01    7.500000e-01    4.750000e-02    2.179449e-03    2.179449e-03
7.500000e-01    8.000000e-01    4.180000e-02    2.044505e-03    2.044505e-03
8.000000e-01    8.500000e-01    3.440000e-02    1.854724e-03    1.854724e-03
8.500000e-01    9.000000e-01    2.880000e-02    1.697056e-03    1.697056e-03
9.000000e-01    9.500000e-01    2.350000e-02    1.532971e-03    1.532971e-03
9.500000e-01    1.000000e+00    2.230000e-02    1.493318e-03    1.493318e-03
1.000000e+00    1.100000e+00    1.885000e-02    9.708244e-04    9.708244e-04
1.100000e+00    1.200000e+00    1.365000e-02    8.261356e-04    8.261356e-04
1.200000e+00    1.300000e+00    1.070000e-02    7.314369e-04    7.314369e-04
1.300000e+00    1.400000e+00    1.065000e-02    7.297260e-04    7.297260e-04
1.400000e+00    1.500000e+00    6.450000e-03    5.678908e-04    5.678908e-04
1.500000e+00    1.600000e+00    5.650000e-03    5.315073e-04    5.315073e-04
1.600000e+00    1.700000e+00    3.850000e-03    4.387482e-04    4.387482e-04
1.700000e+00    1.800000e+00    3.500000e-03    4.183300e-04    4.183300e-04
1.800000e+00    2.000000e+00    2.650000e-03    2.573908e-04    2.573908e-04
2.000000e+00    2.200000e+00    1.650000e-03    2.031010e-04    2.031010e-04
2.200000e+00    2.400000e+00    1.250000e-03    1.767767e-04    1.767767e-04