1.000000e-01    1.200000e-01    2.658354e+00    3.699437e-01    3.699437e-01
1.200000e-01    1.400000e-01    2.888623e+00    1.042941e-01    1.042941e-01
1.400000e-01    1.600000e-01    3.064501e+00    9.880080e-02    9.880080e-02
1.600000e-01    1.800000e-01    2.992500e+00    7.517388e-02    7.517388e-02
1.800000e-01    2.000000e-01    3.115569e+00    7.627300e-02    7.627300e-02
2.000000e-01    2.500000e-01    2.977894e+00    6.332320e-02    6.332320e-02
2.500000e-01    3.000000e-01    2.673851e+00    5.854853e-02    5.854853e-02
3.000000e-01    3.500000e-01    2.362263e+00    5.121391e-02    5.121391e-02
3.500000e-01    4.000000e-01    2.005345e+00    4.363536e-02    4.363536e-02
4.000000e-01    4.500000e-01    1.663289e+00    3.621380e-02    3.621380e-02
4.500000e-01    5.000000e-01    1.412473e+00    3.268470e-02    3.268470e-02
5.000000e-01    5.500000e-01    1.235371e+00    2.419419e-02    2.419419e-02
5.500000e-01    6.000000e-01    1.001730e+00    2.093683e-02    2.093683e-02
6.000000e-01    6.500000e-01    8.257600e-01    1.741420e-02    1.741420e-02
6.500000e-01    7.000000e-01    6.974560e-01    2.514090e-02    2.514090e-02
7.000000e-01    7.500000e-01    6.160810e-01    2.240985e-02    2.240985e-02
7.500000e-01    8.000000e-01    5.046380e-01    1.877104e-02    1.877104e-02
8.000000e-01    8.500000e-01    4.060200e-01    1.534658e-02    1.534658e-02
8.500000e-01    9.000000e-01    3.507370e-01    1.357512e-02    1.357512e-02
9.000000e-01    9.500000e-01    2.990440e-01    1.185007e-02    1.185007e-02
9.500000e-01    1.000000e+00    2.581180e-01    1.049670e-02    1.049670e-02
1.000000e+00    1.100000e+00    2.069770e-01    7.989775e-03    7.989775e-03
1.100000e+00    1.200000e+00    1.437690e-01    5.908332e-03    5.908332e-03
1.200000e+00    1.300000e+00    1.099630e-01    4.796855e-03    4.796855e-03
1.300000e+00    1.400000e+00    8.315600e-02    3.896225e-03    3.896225e-03
1.400000e+00    1.500000e+00    6.561100e-02    3.264118e-03    3.264118e-03
1.500000e+00    1.600000e+00    4.719700e-02    2.565016e-03    2.565016e-03
1.600000e+00    1.700000e+00    3.774200e-02    2.226784e-03    2.226784e-03
1.700000e+00    1.800000e+00    3.083800e-02    1.951296e-03    1.951296e-03
1.800000e+00    2.000000e+00    2.165100e-02    1.262202e-03    1.262202e-03
2.000000e+00    2.200000e+00    1.285800e-02    8.790046e-04    8.790046e-04
2.200000e+00    2.400000e+00    8.694000e-03    6.870124e-04    6.870124e-04
2.400000e+00    2.600000e+00    6.367000e-03    5.709194e-04    5.709194e-04