1.000000e-01    1.200000e-01    1.917000e+00    2.189178e-02    2.189178e-02
1.200000e-01    1.400000e-01    2.103500e+00    2.293196e-02    2.293196e-02
1.400000e-01    1.600000e-01    2.289500e+00    2.392436e-02    2.392436e-02
1.600000e-01    1.800000e-01    2.328250e+00    2.412597e-02    2.412597e-02
1.800000e-01    2.000000e-01    2.381000e+00    2.439775e-02    2.439775e-02
2.000000e-01    2.500000e-01    2.362900e+00    1.537173e-02    1.537173e-02
2.500000e-01    3.000000e-01    2.265100e+00    1.505025e-02    1.505025e-02
3.000000e-01    3.500000e-01    2.050900e+00    1.432096e-02    1.432096e-02
3.500000e-01    4.000000e-01    1.769200e+00    1.330113e-02    1.330113e-02
4.000000e-01    4.500000e-01    1.548000e+00    1.244186e-02    1.244186e-02
4.500000e-01    5.000000e-01    1.313400e+00    1.146037e-02    1.146037e-02
5.000000e-01    5.500000e-01    1.098200e+00    1.047950e-02    1.047950e-02
5.500000e-01    6.000000e-01    9.054000e-01    9.515251e-03    9.515251e-03
6.000000e-01    6.500000e-01    7.306000e-01    8.547514e-03    8.547514e-03
6.500000e-01    7.000000e-01    5.979000e-01    7.732399e-03    7.732399e-03
7.000000e-01    7.500000e-01    4.708000e-01    6.861487e-03    6.861487e-03
7.500000e-01    8.000000e-01    3.904000e-01    6.248200e-03    6.248200e-03
8.000000e-01    8.500000e-01    3.192000e-01    5.649779e-03    5.649779e-03
8.500000e-01    9.000000e-01    2.642000e-01    5.140039e-03    5.140039e-03
9.000000e-01    9.500000e-01    2.033000e-01    4.508880e-03    4.508880e-03
9.500000e-01    1.000000e+00    1.735000e-01    4.165333e-03    4.165333e-03
1.000000e+00    1.100000e+00    1.339000e-01    2.587470e-03    2.587470e-03
1.100000e+00    1.200000e+00    9.445000e-02    2.173131e-03    2.173131e-03
1.200000e+00    1.300000e+00    6.810000e-02    1.845264e-03    1.845264e-03
1.300000e+00    1.400000e+00    4.915000e-02    1.567642e-03    1.567642e-03
1.400000e+00    1.500000e+00    4.130000e-02    1.437011e-03    1.437011e-03
1.500000e+00    1.600000e+00    3.130000e-02    1.251000e-03    1.251000e-03
1.600000e+00    1.700000e+00    2.345000e-02    1.082820e-03    1.082820e-03
1.700000e+00    1.800000e+00    2.005000e-02    1.001249e-03    1.001249e-03
1.800000e+00    2.000000e+00    1.380000e-02    5.873670e-04    5.873670e-04
2.000000e+00    2.200000e+00    9.000000e-03    4.743416e-04    4.743416e-04
2.200000e+00    2.400000e+00    5.200000e-03    3.605551e-04    3.605551e-04
2.400000e+00    2.600000e+00    3.875000e-03    3.112475e-04    3.112475e-04