1.000000e-01    1.200000e-01    2.216500e+00    2.353986e-02    2.353986e-02
1.200000e-01    1.400000e-01    2.412000e+00    2.455606e-02    2.455606e-02
1.400000e-01    1.600000e-01    2.608000e+00    2.553429e-02    2.553429e-02
1.600000e-01    1.800000e-01    2.634000e+00    2.566125e-02    2.566125e-02
1.800000e-01    2.000000e-01    2.753750e+00    2.623809e-02    2.623809e-02
2.000000e-01    2.500000e-01    2.711600e+00    1.646694e-02    1.646694e-02
2.500000e-01    3.000000e-01    2.570100e+00    1.603153e-02    1.603153e-02
3.000000e-01    3.500000e-01    2.343600e+00    1.530882e-02    1.530882e-02
3.500000e-01    4.000000e-01    2.095000e+00    1.447411e-02    1.447411e-02
4.000000e-01    4.500000e-01    1.821600e+00    1.349667e-02    1.349667e-02
4.500000e-01    5.000000e-01    1.578300e+00    1.256304e-02    1.256304e-02
5.000000e-01    5.500000e-01    1.364600e+00    1.168161e-02    1.168161e-02
5.500000e-01    6.000000e-01    1.150200e+00    1.072474e-02    1.072474e-02
6.000000e-01    6.500000e-01    9.709000e-01    9.853426e-03    9.853426e-03
6.500000e-01    7.000000e-01    7.997000e-01    8.942595e-03    8.942595e-03
7.000000e-01    7.500000e-01    6.621000e-01    8.136953e-03    8.136953e-03
7.500000e-01    8.000000e-01    5.602000e-01    7.484651e-03    7.484651e-03
8.000000e-01    8.500000e-01    4.644000e-01    6.814690e-03    6.814690e-03
8.500000e-01    9.000000e-01    3.800000e-01    6.164414e-03    6.164414e-03
9.000000e-01    9.500000e-01    3.199000e-01    5.655970e-03    5.655970e-03
9.500000e-01    1.000000e+00    2.691000e-01    5.187485e-03    5.187485e-03
1.000000e+00    1.100000e+00    2.079500e-01    3.224515e-03    3.224515e-03
1.100000e+00    1.200000e+00    1.550500e-01    2.784331e-03    2.784331e-03
1.200000e+00    1.300000e+00    1.162500e-01    2.410913e-03    2.410913e-03
1.300000e+00    1.400000e+00    8.950000e-02    2.115420e-03    2.115420e-03
1.400000e+00    1.500000e+00    6.510000e-02    1.804162e-03    1.804162e-03
1.500000e+00    1.600000e+00    5.025000e-02    1.585087e-03    1.585087e-03
1.600000e+00    1.700000e+00    3.840000e-02    1.385641e-03    1.385641e-03
1.700000e+00    1.800000e+00    3.310000e-02    1.286468e-03    1.286468e-03
1.800000e+00    2.000000e+00    2.345000e-02    7.656696e-04    7.656696e-04
2.000000e+00    2.200000e+00    1.487500e-02    6.098155e-04    6.098155e-04
2.200000e+00    2.400000e+00    9.800000e-03    4.949747e-04    4.949747e-04
2.400000e+00    2.600000e+00    7.250000e-03    4.257347e-04    4.257347e-04