1.000000e-01    1.200000e-01    3.163684e+00    3.444754e-02    3.444754e-02
1.200000e-01    1.400000e-01    3.487877e+00    3.489916e-02    3.489916e-02
1.400000e-01    1.600000e-01    3.760995e+00    3.617483e-02    3.617483e-02
1.600000e-01    1.800000e-01    3.924137e+00    3.674455e-02    3.674455e-02
1.800000e-01    2.000000e-01    3.950364e+00    3.695225e-02    3.695225e-02
2.000000e-01    2.500000e-01    3.936596e+00    2.374718e-02    2.374718e-02
2.500000e-01    3.000000e-01    3.711520e+00    2.272331e-02    2.272331e-02
3.000000e-01    3.500000e-01    3.336220e+00    2.148077e-02    2.148077e-02
3.500000e-01    4.000000e-01    2.944366e+00    2.039486e-02    2.039486e-02
4.000000e-01    4.500000e-01    2.572790e+00    1.898342e-02    1.898342e-02
4.500000e-01    5.000000e-01    2.190674e+00    1.786508e-02    1.786508e-02
5.000000e-01    5.500000e-01    1.820635e+00    1.593596e-02    1.593596e-02
5.500000e-01    6.000000e-01    1.519213e+00    1.464378e-02    1.464378e-02
6.000000e-01    6.500000e-01    1.256119e+00    1.332277e-02    1.332277e-02
6.500000e-01    7.000000e-01    1.044595e+00    1.218537e-02    1.218537e-02
7.000000e-01    7.500000e-01    8.478362e-01    1.125018e-02    1.125018e-02
7.500000e-01    8.000000e-01    7.128232e-01    1.064790e-02    1.064790e-02
8.000000e-01    8.500000e-01    5.935402e-01    9.297385e-03    9.297385e-03
8.500000e-01    9.000000e-01    4.995010e-01    8.522570e-03    8.522570e-03
9.000000e-01    9.500000e-01    4.237388e-01    7.881728e-03    7.881728e-03
9.500000e-01    1.000000e+00    3.653900e-01    7.390442e-03    7.390442e-03
1.000000e+00    1.100000e+00    2.841346e-01    4.591783e-03    4.591783e-03
1.100000e+00    1.200000e+00    2.119334e-01    3.952450e-03    3.952450e-03
1.200000e+00    1.300000e+00    1.539967e-01    3.442492e-03    3.442492e-03
1.300000e+00    1.400000e+00    1.233683e-01    3.062278e-03    3.062278e-03
1.400000e+00    1.500000e+00    1.008035e-01    2.763103e-03    2.763103e-03
1.500000e+00    1.600000e+00    7.912094e-02    2.437312e-03    2.437312e-03
1.600000e+00    1.700000e+00    5.953796e-02    2.120908e-03    2.120908e-03
1.700000e+00    1.800000e+00    4.644888e-02    1.881924e-03    1.881924e-03
1.800000e+00    2.000000e+00    3.092069e-02    1.099276e-03    1.099276e-03
2.000000e+00    2.200000e+00    2.163095e-02    1.223142e-03    1.223142e-03
2.200000e+00    2.400000e+00    1.426515e-02    7.493442e-04    7.493442e-04
2.400000e+00    2.600000e+00    8.944050e-03    6.125139e-04    6.125139e-04