1.000000e-01    1.200000e-01    2.664472e+00    3.633519e-01    3.633519e-01
1.200000e-01    1.400000e-01    2.790213e+00    9.987727e-02    9.987727e-02
1.400000e-01    1.600000e-01    2.976358e+00    9.334163e-02    9.334163e-02
1.600000e-01    1.800000e-01    3.066082e+00    7.627044e-02    7.627044e-02
1.800000e-01    2.000000e-01    3.026797e+00    7.858316e-02    7.858316e-02
2.000000e-01    2.500000e-01    2.950636e+00    6.280494e-02    6.280494e-02
2.500000e-01    3.000000e-01    2.668285e+00    5.911036e-02    5.911036e-02
3.000000e-01    3.500000e-01    2.343535e+00    5.050743e-02    5.050743e-02
3.500000e-01    4.000000e-01    1.998761e+00    4.412264e-02    4.412264e-02
4.000000e-01    4.500000e-01    1.716659e+00    3.679275e-02    3.679275e-02
4.500000e-01    5.000000e-01    1.436463e+00    3.255123e-02    3.255123e-02
5.000000e-01    5.500000e-01    1.221818e+00    2.432606e-02    2.432606e-02
5.500000e-01    6.000000e-01    1.024817e+00    2.145918e-02    2.145918e-02
6.000000e-01    6.500000e-01    8.144600e-01    1.709921e-02    1.709921e-02
6.500000e-01    7.000000e-01    6.946900e-01    2.575111e-02    2.575111e-02
7.000000e-01    7.500000e-01    5.954250e-01    2.230655e-02    2.230655e-02
7.500000e-01    8.000000e-01    5.138170e-01    1.937301e-02    1.937301e-02
8.000000e-01    8.500000e-01    4.105210e-01    1.578732e-02    1.578732e-02
8.500000e-01    9.000000e-01    3.463210e-01    1.349573e-02    1.349573e-02
9.000000e-01    9.500000e-01    3.080680e-01    1.216908e-02    1.216908e-02
9.500000e-01    1.000000e+00    2.566860e-01    1.046169e-02    1.046169e-02
1.000000e+00    1.100000e+00    1.982540e-01    7.688395e-03    7.688395e-03
1.100000e+00    1.200000e+00    1.430690e-01    5.861235e-03    5.861235e-03
1.200000e+00    1.300000e+00    1.102920e-01    4.803995e-03    4.803995e-03
1.300000e+00    1.400000e+00    8.302500e-02    3.854730e-03    3.854730e-03
1.400000e+00    1.500000e+00    6.051500e-02    3.077640e-03    3.077640e-03
1.500000e+00    1.600000e+00    4.656200e-02    2.543134e-03    2.543134e-03
1.600000e+00    1.700000e+00    3.681700e-02    2.184731e-03    2.184731e-03
1.700000e+00    1.800000e+00    2.827400e-02    1.829925e-03    1.829925e-03
1.800000e+00    2.000000e+00    2.043100e-02    1.203683e-03    1.203683e-03
2.000000e+00    2.200000e+00    1.242900e-02    8.568063e-04    8.568063e-04
2.200000e+00    2.400000e+00    8.739000e-03    6.828770e-04    6.828770e-04
2.400000e+00    2.600000e+00    5.992000e-03    5.518931e-04    5.518931e-04