1.000000e-01    1.200000e-01    3.269415e+00    3.413593e-02    3.413593e-02
1.200000e-01    1.400000e-01    3.523347e+00    3.491967e-02    3.491967e-02
1.400000e-01    1.600000e-01    3.727317e+00    3.592403e-02    3.592403e-02
1.600000e-01    1.800000e-01    3.835364e+00    3.643423e-02    3.643423e-02
1.800000e-01    2.000000e-01    3.953240e+00    3.694239e-02    3.694239e-02
2.000000e-01    2.500000e-01    3.938404e+00    2.338077e-02    2.338077e-02
2.500000e-01    3.000000e-01    3.719116e+00    2.271940e-02    2.271940e-02
3.000000e-01    3.500000e-01    3.357022e+00    2.152695e-02    2.152695e-02
3.500000e-01    4.000000e-01    2.982926e+00    2.031063e-02    2.031063e-02
4.000000e-01    4.500000e-01    2.544052e+00    1.884604e-02    1.884604e-02
4.500000e-01    5.000000e-01    2.183926e+00    1.780726e-02    1.780726e-02
5.000000e-01    5.500000e-01    1.794807e+00    1.589363e-02    1.589363e-02
5.500000e-01    6.000000e-01    1.527355e+00    1.472308e-02    1.472308e-02
6.000000e-01    6.500000e-01    1.258922e+00    1.334420e-02    1.334420e-02
6.500000e-01    7.000000e-01    1.048631e+00    1.269061e-02    1.269061e-02
7.000000e-01    7.500000e-01    8.563876e-01    1.107749e-02    1.107749e-02
7.500000e-01    8.000000e-01    7.013036e-01    1.013067e-02    1.013067e-02
8.000000e-01    8.500000e-01    5.808270e-01    1.108561e-02    1.108561e-02
8.500000e-01    9.000000e-01    4.909092e-01    8.382816e-03    8.382816e-03
9.000000e-01    9.500000e-01    4.126618e-01    7.818358e-03    7.818358e-03
9.500000e-01    1.000000e+00    3.512340e-01    7.215384e-03    7.215384e-03
1.000000e+00    1.100000e+00    2.882941e-01    4.629379e-03    4.629379e-03
1.100000e+00    1.200000e+00    2.102045e-01    3.968303e-03    3.968303e-03
1.200000e+00    1.300000e+00    1.585762e-01    3.456780e-03    3.456780e-03
1.300000e+00    1.400000e+00    1.155975e-01    2.999687e-03    2.999687e-03
1.400000e+00    1.500000e+00    9.350249e-02    2.715615e-03    2.715615e-03
1.500000e+00    1.600000e+00    7.513260e-02    2.368116e-03    2.368116e-03
1.600000e+00    1.700000e+00    6.106355e-02    2.146241e-03    2.146241e-03
1.700000e+00    1.800000e+00    4.797440e-02    1.924812e-03    1.924812e-03
1.800000e+00    2.000000e+00    3.375994e-02    1.134695e-03    1.134695e-03
2.000000e+00    2.200000e+00    2.159664e-02    9.108587e-04    9.108587e-04
2.200000e+00    2.400000e+00    1.439368e-02    7.614045e-04    7.614045e-04
2.400000e+00    2.600000e+00    9.638820e-03    6.149289e-04    6.149289e-04