1.000000e-01    1.200000e-01    2.267000e+00    2.380651e-02    2.380651e-02
1.200000e-01    1.400000e-01    2.420750e+00    2.460056e-02    2.460056e-02
1.400000e-01    1.600000e-01    2.588000e+00    2.543619e-02    2.543619e-02
1.600000e-01    1.800000e-01    2.677500e+00    2.587228e-02    2.587228e-02
1.800000e-01    2.000000e-01    2.718750e+00    2.607082e-02    2.607082e-02
2.000000e-01    2.500000e-01    2.674600e+00    1.635420e-02    1.635420e-02
2.500000e-01    3.000000e-01    2.538200e+00    1.593173e-02    1.593173e-02
3.000000e-01    3.500000e-01    2.338300e+00    1.529150e-02    1.529150e-02
3.500000e-01    4.000000e-01    2.068900e+00    1.438367e-02    1.438367e-02
4.000000e-01    4.500000e-01    1.841300e+00    1.356945e-02    1.356945e-02
4.500000e-01    5.000000e-01    1.566900e+00    1.251759e-02    1.251759e-02
5.000000e-01    5.500000e-01    1.358400e+00    1.165504e-02    1.165504e-02
5.500000e-01    6.000000e-01    1.138500e+00    1.067005e-02    1.067005e-02
6.000000e-01    6.500000e-01    9.626000e-01    9.811218e-03    9.811218e-03
6.500000e-01    7.000000e-01    7.968000e-01    8.926365e-03    8.926365e-03
7.000000e-01    7.500000e-01    6.752000e-01    8.217055e-03    8.217055e-03
7.500000e-01    8.000000e-01    5.620000e-01    7.496666e-03    7.496666e-03
8.000000e-01    8.500000e-01    4.591000e-01    6.775692e-03    6.775692e-03
8.500000e-01    9.000000e-01    3.893000e-01    6.239391e-03    6.239391e-03
9.000000e-01    9.500000e-01    3.303000e-01    5.747173e-03    5.747173e-03
9.500000e-01    1.000000e+00    2.753000e-01    5.246904e-03    5.246904e-03
1.000000e+00    1.100000e+00    2.088500e-01    3.231486e-03    3.231486e-03
1.100000e+00    1.200000e+00    1.509500e-01    2.747271e-03    2.747271e-03
1.200000e+00    1.300000e+00    1.142000e-01    2.389561e-03    2.389561e-03
1.300000e+00    1.400000e+00    8.755000e-02    2.092248e-03    2.092248e-03
1.400000e+00    1.500000e+00    6.705000e-02    1.830983e-03    1.830983e-03
1.500000e+00    1.600000e+00    5.305000e-02    1.628650e-03    1.628650e-03
1.600000e+00    1.700000e+00    4.210000e-02    1.450862e-03    1.450862e-03
1.700000e+00    1.800000e+00    3.200000e-02    1.264911e-03    1.264911e-03
1.800000e+00    2.000000e+00    2.282500e-02    7.553972e-04    7.553972e-04
2.000000e+00    2.200000e+00    1.532500e-02    6.189709e-04    6.189709e-04
2.200000e+00    2.400000e+00    9.450000e-03    4.860556e-04    4.860556e-04
2.400000e+00    2.600000e+00    6.850000e-03    4.138236e-04    4.138236e-04