1.000000e-01    1.200000e-01    1.924000e+00    2.193171e-02    2.193171e-02
1.200000e-01    1.400000e-01    2.102500e+00    2.292651e-02    2.292651e-02
1.400000e-01    1.600000e-01    2.295500e+00    2.395569e-02    2.395569e-02
1.600000e-01    1.800000e-01    2.300250e+00    2.398046e-02    2.398046e-02
1.800000e-01    2.000000e-01    2.368500e+00    2.433362e-02    2.433362e-02
2.000000e-01    2.500000e-01    2.341500e+00    1.530196e-02    1.530196e-02
2.500000e-01    3.000000e-01    2.247500e+00    1.499166e-02    1.499166e-02
3.000000e-01    3.500000e-01    2.013400e+00    1.418943e-02    1.418943e-02
3.500000e-01    4.000000e-01    1.755100e+00    1.324802e-02    1.324802e-02
4.000000e-01    4.500000e-01    1.512600e+00    1.229878e-02    1.229878e-02
4.500000e-01    5.000000e-01    1.306500e+00    1.143022e-02    1.143022e-02
5.000000e-01    5.500000e-01    1.107700e+00    1.052473e-02    1.052473e-02
5.500000e-01    6.000000e-01    8.894000e-01    9.430801e-03    9.430801e-03
6.000000e-01    6.500000e-01    7.432000e-01    8.620905e-03    8.620905e-03
6.500000e-01    7.000000e-01    5.935000e-01    7.703895e-03    7.703895e-03
7.000000e-01    7.500000e-01    4.736000e-01    6.881860e-03    6.881860e-03
7.500000e-01    8.000000e-01    3.933000e-01    6.271363e-03    6.271363e-03
8.000000e-01    8.500000e-01    3.191000e-01    5.648894e-03    5.648894e-03
8.500000e-01    9.000000e-01    2.636000e-01    5.134199e-03    5.134199e-03
9.000000e-01    9.500000e-01    2.097000e-01    4.579301e-03    4.579301e-03
9.500000e-01    1.000000e+00    1.762000e-01    4.197618e-03    4.197618e-03
1.000000e+00    1.100000e+00    1.334500e-01    2.583118e-03    2.583118e-03
1.100000e+00    1.200000e+00    9.470000e-02    2.176006e-03    2.176006e-03
1.200000e+00    1.300000e+00    6.765000e-02    1.839157e-03    1.839157e-03
1.300000e+00    1.400000e+00    4.935000e-02    1.570828e-03    1.570828e-03
1.400000e+00    1.500000e+00    3.690000e-02    1.358308e-03    1.358308e-03
1.500000e+00    1.600000e+00    2.780000e-02    1.178983e-03    1.178983e-03
1.600000e+00    1.700000e+00    2.565000e-02    1.132475e-03    1.132475e-03
1.700000e+00    1.800000e+00    1.895000e-02    9.733961e-04    9.733961e-04
1.800000e+00    2.000000e+00    1.282500e-02    5.662376e-04    5.662376e-04
2.000000e+00    2.200000e+00    8.650000e-03    4.650269e-04    4.650269e-04
2.200000e+00    2.400000e+00    6.250000e-03    3.952847e-04    3.952847e-04
2.400000e+00    2.600000e+00    3.225000e-03    2.839454e-04    2.839454e-04