2.000000e-01    2.500000e-01    2.022480e-01    3.061920e-02    3.061920e-02
2.500000e-01    3.000000e-01    2.309130e-01    1.845529e-02    1.845529e-02
3.000000e-01    3.500000e-01    2.300260e-01    1.389725e-02    1.389725e-02
3.500000e-01    4.000000e-01    2.401360e-01    1.087717e-02    1.087717e-02
4.000000e-01    4.500000e-01    2.204380e-01    1.313805e-02    1.313805e-02
4.500000e-01    5.000000e-01    2.025440e-01    1.243683e-02    1.243683e-02
5.000000e-01    5.500000e-01    1.915180e-01    1.041984e-02    1.041984e-02
5.500000e-01    6.000000e-01    1.766270e-01    1.218092e-02    1.218092e-02
6.000000e-01    6.500000e-01    1.583150e-01    1.078199e-02    1.078199e-02
6.500000e-01    7.000000e-01    1.378510e-01    9.285668e-03    9.285668e-03
7.000000e-01    7.500000e-01    1.305410e-01    8.996097e-03    8.996097e-03
7.500000e-01    8.000000e-01    1.165900e-01    8.143350e-03    8.143350e-03
8.000000e-01    8.500000e-01    9.821300e-02    7.203264e-03    7.203264e-03
8.500000e-01    9.000000e-01    9.178900e-02    6.806095e-03    6.806095e-03
9.000000e-01    9.500000e-01    8.146100e-02    6.288150e-03    6.288150e-03
9.500000e-01    1.000000e+00    6.399000e-02    5.213163e-03    5.213163e-03
1.000000e+00    1.100000e+00    5.873000e-02    4.326051e-03    4.326051e-03
1.100000e+00    1.200000e+00    4.561300e-02    3.618112e-03    3.618112e-03
1.200000e+00    1.300000e+00    3.093100e-02    2.717268e-03    2.717268e-03
1.300000e+00    1.400000e+00    2.921700e-02    2.653938e-03    2.653938e-03
1.400000e+00    1.500000e+00    2.353400e-02    2.333290e-03    2.333290e-03
1.500000e+00    1.600000e+00    2.072200e-02    2.173983e-03    2.173983e-03
1.600000e+00    1.700000e+00    1.649700e-02    1.857229e-03    1.857229e-03
1.700000e+00    1.800000e+00    1.360600e-02    1.615781e-03    1.615781e-03
1.800000e+00    2.000000e+00    7.975000e-03    9.630161e-04    9.630161e-04
2.000000e+00    2.200000e+00    7.493000e-03    9.526353e-04    9.526353e-04
2.200000e+00    2.400000e+00    5.139000e-03    7.318825e-04    7.318825e-04