2.000000e-01    2.500000e-01    1.961000e-01    4.428318e-03    4.428318e-03
2.500000e-01    3.000000e-01    2.065000e-01    4.544227e-03    4.544227e-03
3.000000e-01    3.500000e-01    2.176000e-01    4.664762e-03    4.664762e-03
3.500000e-01    4.000000e-01    1.991000e-01    4.462062e-03    4.462062e-03
4.000000e-01    4.500000e-01    1.845000e-01    4.295346e-03    4.295346e-03
4.500000e-01    5.000000e-01    1.652000e-01    4.064480e-03    4.064480e-03
5.000000e-01    5.500000e-01    1.409000e-01    3.753665e-03    3.753665e-03
5.500000e-01    6.000000e-01    1.391000e-01    3.729611e-03    3.729611e-03
6.000000e-01    6.500000e-01    1.109000e-01    3.330165e-03    3.330165e-03
6.500000e-01    7.000000e-01    9.230000e-02    3.038092e-03    3.038092e-03
7.000000e-01    7.500000e-01    7.600000e-02    2.756810e-03    2.756810e-03
7.500000e-01    8.000000e-01    6.430000e-02    2.535744e-03    2.535744e-03
8.000000e-01    8.500000e-01    5.360000e-02    2.315167e-03    2.315167e-03
8.500000e-01    9.000000e-01    4.530000e-02    2.128380e-03    2.128380e-03
9.000000e-01    9.500000e-01    3.630000e-02    1.905256e-03    1.905256e-03
9.500000e-01    1.000000e+00    3.260000e-02    1.805547e-03    1.805547e-03
1.000000e+00    1.100000e+00    2.515000e-02    1.121383e-03    1.121383e-03
1.100000e+00    1.200000e+00    1.825000e-02    9.552487e-04    9.552487e-04
1.200000e+00    1.300000e+00    1.505000e-02    8.674676e-04    8.674676e-04
1.300000e+00    1.400000e+00    1.190000e-02    7.713624e-04    7.713624e-04
1.400000e+00    1.500000e+00    8.650000e-03    6.576473e-04    6.576473e-04
1.500000e+00    1.600000e+00    6.500000e-03    5.700877e-04    5.700877e-04
1.600000e+00    1.700000e+00    5.950000e-03    5.454356e-04    5.454356e-04
1.700000e+00    1.800000e+00    4.900000e-03    4.949747e-04    4.949747e-04
1.800000e+00    2.000000e+00    3.200000e-03    2.828427e-04    2.828427e-04
2.000000e+00    2.200000e+00    2.675000e-03    2.586020e-04    2.586020e-04
2.200000e+00    2.400000e+00    1.500000e-03    1.936492e-04    1.936492e-04