2.000000e-01    2.500000e-01    2.140000e-01    4.626013e-03    4.626013e-03
2.500000e-01    3.000000e-01    2.356000e-01    4.853864e-03    4.853864e-03
3.000000e-01    3.500000e-01    2.319000e-01    4.815600e-03    4.815600e-03
3.500000e-01    4.000000e-01    2.419000e-01    4.918333e-03    4.918333e-03
4.000000e-01    4.500000e-01    2.147000e-01    4.633573e-03    4.633573e-03
4.500000e-01    5.000000e-01    2.018000e-01    4.492215e-03    4.492215e-03
5.000000e-01    5.500000e-01    1.800000e-01    4.242641e-03    4.242641e-03
5.500000e-01    6.000000e-01    1.622000e-01    4.027406e-03    4.027406e-03
6.000000e-01    6.500000e-01    1.427000e-01    3.777565e-03    3.777565e-03
6.500000e-01    7.000000e-01    1.275000e-01    3.570714e-03    3.570714e-03
7.000000e-01    7.500000e-01    1.097000e-01    3.312099e-03    3.312099e-03
7.500000e-01    8.000000e-01    9.180000e-02    3.029851e-03    3.029851e-03
8.000000e-01    8.500000e-01    8.470000e-02    2.910326e-03    2.910326e-03
8.500000e-01    9.000000e-01    7.170000e-02    2.677686e-03    2.677686e-03
9.000000e-01    9.500000e-01    5.790000e-02    2.406242e-03    2.406242e-03
9.500000e-01    1.000000e+00    5.530000e-02    2.351595e-03    2.351595e-03
1.000000e+00    1.100000e+00    4.390000e-02    1.481553e-03    1.481553e-03
1.100000e+00    1.200000e+00    3.005000e-02    1.225765e-03    1.225765e-03
1.200000e+00    1.300000e+00    2.450000e-02    1.106797e-03    1.106797e-03
1.300000e+00    1.400000e+00    1.810000e-02    9.513149e-04    9.513149e-04
1.400000e+00    1.500000e+00    1.700000e-02    9.219544e-04    9.219544e-04
1.500000e+00    1.600000e+00    1.280000e-02    8.000000e-04    8.000000e-04
1.600000e+00    1.700000e+00    1.075000e-02    7.331439e-04    7.331439e-04
1.700000e+00    1.800000e+00    8.650000e-03    6.576473e-04    6.576473e-04
1.800000e+00    2.000000e+00    6.175000e-03    3.929058e-04    3.929058e-04
2.000000e+00    2.200000e+00    4.150000e-03    3.221025e-04    3.221025e-04
2.200000e+00    2.400000e+00    2.750000e-03    2.622022e-04    2.622022e-04