2.000000e-01    2.500000e-01    2.954676e-01    6.427276e-03    6.427276e-03
2.500000e-01    3.000000e-01    3.237748e-01    6.629048e-03    6.629048e-03
3.000000e-01    3.500000e-01    3.182824e-01    6.697937e-03    6.697937e-03
3.500000e-01    4.000000e-01    3.077726e-01    6.504897e-03    6.504897e-03
4.000000e-01    4.500000e-01    2.893660e-01    6.352266e-03    6.352266e-03
4.500000e-01    5.000000e-01    2.658574e-01    6.079190e-03    6.079190e-03
5.000000e-01    5.500000e-01    2.229216e-01    5.586410e-03    5.586410e-03
5.500000e-01    6.000000e-01    2.103278e-01    5.464274e-03    5.464274e-03
6.000000e-01    6.500000e-01    1.671319e-01    4.842722e-03    4.842722e-03
6.500000e-01    7.000000e-01    1.544100e-01    4.667908e-03    4.667908e-03
7.000000e-01    7.500000e-01    1.296340e-01    4.267291e-03    4.267291e-03
7.500000e-01    8.000000e-01    1.215306e-01    4.165035e-03    4.165035e-03
8.000000e-01    8.500000e-01    9.985386e-02    3.821672e-03    3.821672e-03
8.500000e-01    9.000000e-01    8.796182e-02    3.582747e-03    3.582747e-03
9.000000e-01    9.500000e-01    7.305518e-02    3.258678e-03    3.258678e-03
9.500000e-01    1.000000e+00    6.540582e-02    3.111627e-03    3.111627e-03
1.000000e+00    1.100000e+00    5.151673e-02    1.989108e-03    1.989108e-03
1.100000e+00    1.200000e+00    4.165492e-02    2.556129e-03    2.556129e-03
1.200000e+00    1.300000e+00    3.535809e-02    1.593988e-03    1.593988e-03
1.300000e+00    1.400000e+00    2.378330e-02    1.370308e-03    1.370308e-03
1.400000e+00    1.500000e+00    2.191600e-02    1.280831e-03    1.280831e-03
1.500000e+00    1.600000e+00    1.289100e-02    3.245737e-03    3.245737e-03
1.600000e+00    1.700000e+00    1.570146e-02    1.086837e-03    1.086837e-03
1.700000e+00    1.800000e+00    1.209213e-02    9.501452e-04    9.501452e-04
1.800000e+00    2.000000e+00    8.984090e-03    5.793781e-04    5.793781e-04
2.000000e+00    2.200000e+00    5.167130e-03    4.720637e-04    4.720637e-04
2.200000e+00    2.400000e+00    4.753245e-03    4.280611e-04    4.280611e-04