3.500000e-01    4.000000e-01    8.640200e-02    8.698048e-03    8.698048e-03
4.000000e-01    4.500000e-01    9.216100e-02    7.174044e-03    7.174044e-03
4.500000e-01    5.000000e-01    8.904700e-02    4.382028e-03    4.382028e-03
5.000000e-01    5.500000e-01    8.096700e-02    4.078244e-03    4.078244e-03
5.500000e-01    6.000000e-01    8.262600e-02    4.200067e-03    4.200067e-03
6.000000e-01    6.500000e-01    7.520600e-02    3.745047e-03    3.745047e-03
6.500000e-01    7.000000e-01    6.943400e-02    3.455804e-03    3.455804e-03
7.000000e-01    7.500000e-01    6.778900e-02    3.306781e-03    3.306781e-03
7.500000e-01    8.000000e-01    6.526700e-02    3.757941e-03    3.757941e-03
8.000000e-01    8.500000e-01    5.615800e-02    3.024203e-03    3.024203e-03
8.500000e-01    9.000000e-01    5.391800e-02    3.207847e-03    3.207847e-03
9.000000e-01    9.500000e-01    4.749000e-02    3.457051e-03    3.457051e-03
9.500000e-01    1.000000e+00    3.798800e-02    2.841248e-03    2.841248e-03
1.000000e+00    1.100000e+00    3.840400e-02    2.393217e-03    2.393217e-03
1.100000e+00    1.200000e+00    3.215300e-02    2.051317e-03    2.051317e-03
1.200000e+00    1.300000e+00    2.675100e-02    1.773021e-03    1.773021e-03
1.300000e+00    1.400000e+00    1.962000e-02    1.438121e-03    1.438121e-03
1.400000e+00    1.500000e+00    1.472300e-02    1.189881e-03    1.189881e-03
1.500000e+00    1.600000e+00    1.420200e-02    1.182074e-03    1.182074e-03
1.600000e+00    1.700000e+00    1.039800e-02    9.849959e-04    9.849959e-04
1.700000e+00    1.800000e+00    8.280000e-03    8.508278e-04    8.508278e-04
1.800000e+00    2.000000e+00    5.722000e-03    5.292258e-04    5.292258e-04
2.000000e+00    2.200000e+00    4.018000e-03    4.372242e-04    4.372242e-04
2.200000e+00    2.400000e+00    2.835000e-03    3.520597e-04    3.520597e-04