3.500000e-01    4.000000e-01    1.123000e-01    3.351119e-03    3.351119e-03
4.000000e-01    4.500000e-01    1.049000e-01    3.238827e-03    3.238827e-03
4.500000e-01    5.000000e-01    1.026000e-01    3.203123e-03    3.203123e-03
5.000000e-01    5.500000e-01    9.650000e-02    3.106445e-03    3.106445e-03
5.500000e-01    6.000000e-01    8.870000e-02    2.978255e-03    2.978255e-03
6.000000e-01    6.500000e-01    7.420000e-02    2.723968e-03    2.723968e-03
6.500000e-01    7.000000e-01    7.290000e-02    2.700000e-03    2.700000e-03
7.000000e-01    7.500000e-01    6.080000e-02    2.465766e-03    2.465766e-03
7.500000e-01    8.000000e-01    5.070000e-02    2.251666e-03    2.251666e-03
8.000000e-01    8.500000e-01    5.200000e-02    2.280351e-03    2.280351e-03
8.500000e-01    9.000000e-01    4.750000e-02    2.179449e-03    2.179449e-03
9.000000e-01    9.500000e-01    3.950000e-02    1.987461e-03    1.987461e-03
9.500000e-01    1.000000e+00    3.450000e-02    1.857418e-03    1.857418e-03
1.000000e+00    1.100000e+00    2.870000e-02    1.197915e-03    1.197915e-03
1.100000e+00    1.200000e+00    2.300000e-02    1.072381e-03    1.072381e-03
1.200000e+00    1.300000e+00    1.720000e-02    9.273618e-04    9.273618e-04
1.300000e+00    1.400000e+00    1.545000e-02    8.789198e-04    8.789198e-04
1.400000e+00    1.500000e+00    1.060000e-02    7.280110e-04    7.280110e-04
1.500000e+00    1.600000e+00    8.150000e-03    6.383573e-04    6.383573e-04
1.600000e+00    1.700000e+00    7.550000e-03    6.144103e-04    6.144103e-04
1.700000e+00    1.800000e+00    6.350000e-03    5.634714e-04    5.634714e-04
1.800000e+00    2.000000e+00    4.300000e-03    3.278719e-04    3.278719e-04
2.000000e+00    2.200000e+00    3.225000e-03    2.839454e-04    2.839454e-04
2.200000e+00    2.400000e+00    2.250000e-03    2.371708e-04    2.371708e-04