3.500000e-01    4.000000e-01    1.020000e-01    3.193744e-03    3.193744e-03
4.000000e-01    4.500000e-01    1.003000e-01    3.167018e-03    3.167018e-03
4.500000e-01    5.000000e-01    8.720000e-02    2.952965e-03    2.952965e-03
5.000000e-01    5.500000e-01    8.340000e-02    2.887906e-03    2.887906e-03
5.500000e-01    6.000000e-01    7.570000e-02    2.751363e-03    2.751363e-03
6.000000e-01    6.500000e-01    6.900000e-02    2.626785e-03    2.626785e-03
6.500000e-01    7.000000e-01    5.750000e-02    2.397916e-03    2.397916e-03
7.000000e-01    7.500000e-01    4.840000e-02    2.200000e-03    2.200000e-03
7.500000e-01    8.000000e-01    4.230000e-02    2.056696e-03    2.056696e-03
8.000000e-01    8.500000e-01    3.680000e-02    1.918333e-03    1.918333e-03
8.500000e-01    9.000000e-01    3.580000e-02    1.892089e-03    1.892089e-03
9.000000e-01    9.500000e-01    3.190000e-02    1.786057e-03    1.786057e-03
9.500000e-01    1.000000e+00    2.280000e-02    1.509967e-03    1.509967e-03
1.000000e+00    1.100000e+00    2.170000e-02    1.041633e-03    1.041633e-03
1.100000e+00    1.200000e+00    1.500000e-02    8.660254e-04    8.660254e-04
1.200000e+00    1.300000e+00    1.275000e-02    7.984360e-04    7.984360e-04
1.300000e+00    1.400000e+00    8.750000e-03    6.614378e-04    6.614378e-04
1.400000e+00    1.500000e+00    7.950000e-03    6.304760e-04    6.304760e-04
1.500000e+00    1.600000e+00    6.100000e-03    5.522681e-04    5.522681e-04
1.600000e+00    1.700000e+00    4.200000e-03    4.582576e-04    4.582576e-04
1.700000e+00    1.800000e+00    2.550000e-03    3.570714e-04    3.570714e-04
1.800000e+00    2.000000e+00    2.475000e-03    2.487469e-04    2.487469e-04
2.000000e+00    2.200000e+00    1.650000e-03    2.031010e-04    2.031010e-04
2.200000e+00    2.400000e+00    1.075000e-03    1.639360e-04    1.639360e-04