3.500000e-01    4.000000e-01    1.502096e-01    4.498173e-03    4.498173e-03
4.000000e-01    4.500000e-01    1.508985e-01    4.546924e-03    4.546924e-03
4.500000e-01    5.000000e-01    1.463361e-01    5.470796e-03    5.470796e-03
5.000000e-01    5.500000e-01    1.314496e-01    4.251496e-03    4.251496e-03
5.500000e-01    6.000000e-01    1.185423e-01    4.016834e-03    4.016834e-03
6.000000e-01    6.500000e-01    1.099958e-01    3.913616e-03    3.913616e-03
6.500000e-01    7.000000e-01    9.147764e-02    3.574704e-03    3.574704e-03
7.000000e-01    7.500000e-01    8.588190e-02    3.504402e-03    3.504402e-03
7.500000e-01    8.000000e-01    7.569804e-02    3.277405e-03    3.277405e-03
8.000000e-01    8.500000e-01    6.966942e-02    3.155227e-03    3.155227e-03
8.500000e-01    9.000000e-01    6.125508e-02    2.963681e-03    2.963681e-03
9.000000e-01    9.500000e-01    5.487612e-02    2.745834e-03    2.745834e-03
9.500000e-01    1.000000e+00    4.344564e-02    2.533902e-03    2.533902e-03
1.000000e+00    1.100000e+00    4.194798e-02    1.770730e-03    1.770730e-03
1.100000e+00    1.200000e+00    3.454317e-02    1.596626e-03    1.596626e-03
1.200000e+00    1.300000e+00    2.666349e-02    1.428070e-03    1.428070e-03
1.300000e+00    1.400000e+00    2.125477e-02    1.314388e-03    1.314388e-03
1.400000e+00    1.500000e+00    1.769932e-02    1.187248e-03    1.187248e-03
1.500000e+00    1.600000e+00    1.362359e-02    1.025471e-03    1.025471e-03
1.600000e+00    1.700000e+00    1.300111e-02    1.048399e-03    1.048399e-03
1.700000e+00    1.800000e+00    9.420713e-03    8.475025e-04    8.475025e-04
1.800000e+00    2.000000e+00    7.970685e-03    5.607009e-04    5.607009e-04
2.000000e+00    2.200000e+00    4.670536e-03    4.232829e-04    4.232829e-04
2.200000e+00    2.400000e+00    4.270868e-03    4.009427e-04    4.009427e-04