2.000000e-01    2.500000e-01    2.092560e-01    3.142716e-02    3.142716e-02
2.500000e-01    3.000000e-01    2.259400e-01    1.817119e-02    1.817119e-02
3.000000e-01    3.500000e-01    2.352400e-01    1.415972e-02    1.415972e-02
3.500000e-01    4.000000e-01    2.378820e-01    1.091618e-02    1.091618e-02
4.000000e-01    4.500000e-01    2.223340e-01    1.291189e-02    1.291189e-02
4.500000e-01    5.000000e-01    2.153910e-01    1.336236e-02    1.336236e-02
5.000000e-01    5.500000e-01    1.984060e-01    1.023403e-02    1.023403e-02
5.500000e-01    6.000000e-01    1.683800e-01    1.256262e-02    1.256262e-02
6.000000e-01    6.500000e-01    1.613050e-01    1.158763e-02    1.158763e-02
6.500000e-01    7.000000e-01    1.331140e-01    9.759357e-03    9.759357e-03
7.000000e-01    7.500000e-01    1.293370e-01    9.312139e-03    9.312139e-03
7.500000e-01    8.000000e-01    1.135050e-01    8.385039e-03    8.385039e-03
8.000000e-01    8.500000e-01    1.030560e-01    7.716341e-03    7.716341e-03
8.500000e-01    9.000000e-01    8.465400e-02    6.793308e-03    6.793308e-03
9.000000e-01    9.500000e-01    7.775600e-02    6.281135e-03    6.281135e-03
9.500000e-01    1.000000e+00    6.853000e-02    5.720049e-03    5.720049e-03
1.000000e+00    1.100000e+00    5.585400e-02    4.268888e-03    4.268888e-03
1.100000e+00    1.200000e+00    4.712500e-02    3.768197e-03    3.768197e-03
1.200000e+00    1.300000e+00    3.716800e-02    3.210733e-03    3.210733e-03
1.300000e+00    1.400000e+00    2.684300e-02    2.534263e-03    2.534263e-03
1.400000e+00    1.500000e+00    2.070800e-02    2.102041e-03    2.102041e-03
1.500000e+00    1.600000e+00    1.949800e-02    2.059868e-03    2.059868e-03
1.600000e+00    1.700000e+00    1.441900e-02    1.678747e-03    1.678747e-03
1.700000e+00    1.800000e+00    1.056700e-02    1.341695e-03    1.341695e-03
1.800000e+00    2.000000e+00    9.063000e-03    1.065000e-03    1.065000e-03
2.000000e+00    2.200000e+00    6.330000e-03    8.342835e-04    8.342835e-04
2.200000e+00    2.400000e+00    4.643000e-03    6.900275e-04    6.900275e-04