2.000000e-01    2.500000e-01    2.170000e-01    4.658326e-03    4.658326e-03
2.500000e-01    3.000000e-01    2.262000e-01    4.756049e-03    4.756049e-03
3.000000e-01    3.500000e-01    2.321000e-01    4.817676e-03    4.817676e-03
3.500000e-01    4.000000e-01    2.219000e-01    4.710626e-03    4.710626e-03
4.000000e-01    4.500000e-01    2.141000e-01    4.627094e-03    4.627094e-03
4.500000e-01    5.000000e-01    2.002000e-01    4.474371e-03    4.474371e-03
5.000000e-01    5.500000e-01    1.781000e-01    4.220190e-03    4.220190e-03
5.500000e-01    6.000000e-01    1.601000e-01    4.001250e-03    4.001250e-03
6.000000e-01    6.500000e-01    1.353000e-01    3.678315e-03    3.678315e-03
6.500000e-01    7.000000e-01    1.301000e-01    3.606938e-03    3.606938e-03
7.000000e-01    7.500000e-01    1.071000e-01    3.272614e-03    3.272614e-03
7.500000e-01    8.000000e-01    8.970000e-02    2.994996e-03    2.994996e-03
8.000000e-01    8.500000e-01    8.040000e-02    2.835489e-03    2.835489e-03
8.500000e-01    9.000000e-01    7.090000e-02    2.662705e-03    2.662705e-03
9.000000e-01    9.500000e-01    6.410000e-02    2.531798e-03    2.531798e-03
9.500000e-01    1.000000e+00    5.290000e-02    2.300000e-03    2.300000e-03
1.000000e+00    1.100000e+00    4.105000e-02    1.432655e-03    1.432655e-03
1.100000e+00    1.200000e+00    3.310000e-02    1.286468e-03    1.286468e-03
1.200000e+00    1.300000e+00    2.535000e-02    1.125833e-03    1.125833e-03
1.300000e+00    1.400000e+00    2.005000e-02    1.001249e-03    1.001249e-03
1.400000e+00    1.500000e+00    1.540000e-02    8.774964e-04    8.774964e-04
1.500000e+00    1.600000e+00    1.140000e-02    7.549834e-04    7.549834e-04
1.600000e+00    1.700000e+00    9.300000e-03    6.819091e-04    6.819091e-04
1.700000e+00    1.800000e+00    9.300000e-03    6.819091e-04    6.819091e-04
1.800000e+00    2.000000e+00    5.750000e-03    3.791438e-04    3.791438e-04
2.000000e+00    2.200000e+00    4.400000e-03    3.316625e-04    3.316625e-04
2.200000e+00    2.400000e+00    2.650000e-03    2.573908e-04    2.573908e-04