2.000000e-01    2.500000e-01    1.966000e-01    4.433960e-03    4.433960e-03
2.500000e-01    3.000000e-01    2.082000e-01    4.562894e-03    4.562894e-03
3.000000e-01    3.500000e-01    2.089000e-01    4.570558e-03    4.570558e-03
3.500000e-01    4.000000e-01    2.079000e-01    4.559605e-03    4.559605e-03
4.000000e-01    4.500000e-01    1.765000e-01    4.201190e-03    4.201190e-03
4.500000e-01    5.000000e-01    1.682000e-01    4.101219e-03    4.101219e-03
5.000000e-01    5.500000e-01    1.502000e-01    3.875564e-03    3.875564e-03
5.500000e-01    6.000000e-01    1.171000e-01    3.421988e-03    3.421988e-03
6.000000e-01    6.500000e-01    1.051000e-01    3.241913e-03    3.241913e-03
6.500000e-01    7.000000e-01    8.420000e-02    2.901724e-03    2.901724e-03
7.000000e-01    7.500000e-01    7.430000e-02    2.725803e-03    2.725803e-03
7.500000e-01    8.000000e-01    6.170000e-02    2.483948e-03    2.483948e-03
8.000000e-01    8.500000e-01    5.130000e-02    2.264950e-03    2.264950e-03
8.500000e-01    9.000000e-01    4.470000e-02    2.114237e-03    2.114237e-03
9.000000e-01    9.500000e-01    3.870000e-02    1.967232e-03    1.967232e-03
9.500000e-01    1.000000e+00    3.320000e-02    1.822087e-03    1.822087e-03
1.000000e+00    1.100000e+00    2.420000e-02    1.100000e-03    1.100000e-03
1.100000e+00    1.200000e+00    1.950000e-02    9.874209e-04    9.874209e-04
1.200000e+00    1.300000e+00    1.635000e-02    9.041571e-04    9.041571e-04
1.300000e+00    1.400000e+00    1.150000e-02    7.582875e-04    7.582875e-04
1.400000e+00    1.500000e+00    8.950000e-03    6.689544e-04    6.689544e-04
1.500000e+00    1.600000e+00    6.500000e-03    5.700877e-04    5.700877e-04
1.600000e+00    1.700000e+00    6.550000e-03    5.722762e-04    5.722762e-04
1.700000e+00    1.800000e+00    4.500000e-03    4.743416e-04    4.743416e-04
1.800000e+00    2.000000e+00    2.900000e-03    2.692582e-04    2.692582e-04
2.000000e+00    2.200000e+00    2.075000e-03    2.277608e-04    2.277608e-04
2.200000e+00    2.400000e+00    1.225000e-03    1.750000e-04    1.750000e-04