2.000000e-01    2.500000e-01    2.846626e-01    6.377589e-03    6.377589e-03
2.500000e-01    3.000000e-01    3.194026e-01    6.628967e-03    6.628967e-03
3.000000e-01    3.500000e-01    3.278648e-01    6.613559e-03    6.613559e-03
3.500000e-01    4.000000e-01    3.068602e-01    6.514875e-03    6.514875e-03
4.000000e-01    4.500000e-01    2.806792e-01    6.213190e-03    6.213190e-03
4.500000e-01    5.000000e-01    2.477734e-01    5.890059e-03    5.890059e-03
5.000000e-01    5.500000e-01    2.396996e-01    5.767526e-03    5.767526e-03
5.500000e-01    6.000000e-01    1.945404e-01    5.262831e-03    5.262831e-03
6.000000e-01    6.500000e-01    1.767847e-01    5.946667e-03    5.946667e-03
6.500000e-01    7.000000e-01    1.527600e-01    4.691261e-03    4.691261e-03
7.000000e-01    7.500000e-01    1.322291e-01    4.387662e-03    4.387662e-03
7.500000e-01    8.000000e-01    1.168503e-01    4.246188e-03    4.246188e-03
8.000000e-01    8.500000e-01    9.455798e-02    3.722182e-03    3.722182e-03
8.500000e-01    9.000000e-01    8.943478e-02    5.097462e-03    5.097462e-03
9.000000e-01    9.500000e-01    8.014226e-02    3.864736e-03    3.864736e-03
9.500000e-01    1.000000e+00    6.402248e-02    3.132718e-03    3.132718e-03
1.000000e+00    1.100000e+00    5.197214e-02    2.032901e-03    2.032901e-03
1.100000e+00    1.200000e+00    4.390575e-02    1.821111e-03    1.821111e-03
1.200000e+00    1.300000e+00    3.817247e-02    1.719738e-03    1.719738e-03
1.300000e+00    1.400000e+00    2.778342e-02    1.428907e-03    1.428907e-03
1.400000e+00    1.500000e+00    2.134895e-02    1.290084e-03    1.290084e-03
1.500000e+00    1.600000e+00    1.590663e-02    1.164952e-03    1.164952e-03
1.600000e+00    1.700000e+00    1.677201e-02    1.096119e-03    1.096119e-03
1.700000e+00    1.800000e+00    1.085516e-02    9.222795e-04    9.222795e-04
1.800000e+00    2.000000e+00    7.877885e-03    5.758131e-04    5.758131e-04
2.000000e+00    2.200000e+00    4.498493e-03    4.302819e-04    4.302819e-04
2.200000e+00    2.400000e+00    4.054050e-03    3.845485e-04    3.845485e-04
